0.00  0.46  0.31  0.40  0.14  0.57  0.24  0.25  0.28  0.39  0.46  0.19  0.22  0.39  0.23
0.46  0.00  0.40  0.36  0.44  0.57  0.58  0.49  0.33  0.58  0.40  0.40  0.59  0.53  0.47
0.31  0.40  0.00  0.43  0.32  0.36  0.42  0.44  0.43  0.53  0.49  0.49  0.42  0.41  0.56
0.40  0.36  0.43  0.00  0.42  0.62  0.37  0.37  0.28  0.48  0.46  0.50  0.47  0.39  0.35
0.14  0.44  0.32  0.42  0.00  0.38  0.22  0.28  0.25  0.19  0.38  0.26  0.31  0.22  0.22
0.57  0.57  0.36  0.62  0.38  0.00  0.70  0.37  0.47  0.29  0.53  0.33  0.40  0.17  0.36
0.24  0.58  0.42  0.37  0.22  0.70  0.00  0.38  0.40  0.36  0.55  0.50  0.33  0.27  0.38
0.25  0.49  0.44  0.37  0.28  0.37  0.38  0.00  0.30  0.27  0.34  0.11  0.38  0.38  0.26
0.28  0.33  0.43  0.28  0.25  0.47  0.40  0.30  0.00  0.37  0.44  0.25  0.42  0.35  0.25
0.39  0.58  0.53  0.48  0.19  0.29  0.36  0.27  0.37  0.00  0.34  0.29  0.45  0.25  0.31
0.46  0.40  0.49  0.46  0.38  0.53  0.55  0.34  0.44  0.34  0.00  0.10  0.48  0.35  0.36
0.19  0.40  0.49  0.50  0.26  0.33  0.50  0.11  0.25  0.29  0.10  0.00  0.45  0.25  0.29
0.22  0.59  0.42  0.47  0.31  0.40  0.33  0.38  0.42  0.45  0.48  0.45  0.00  0.36  0.36
0.39  0.53  0.41  0.39  0.22  0.17  0.27  0.38  0.35  0.25  0.35  0.25  0.36  0.00  0.50
0.23  0.47  0.56  0.35  0.22  0.36  0.38  0.26  0.25  0.31  0.36  0.29  0.36  0.50  0.00
