0.25819888974723  0.58298891219386  0.026439949065059  -0.43999282705969  -0.14385193347468  -0.19937058408602  -0.10445011291334  0.010057927121162  -0.014456543464963  -0.0033599537870307  -0.11653533085468  0.38605764383029  -0.07913352815604  -0.39541305189157  -0.047504113008684  
0.25819888974726  0.017437423656874  -0.058947805393636  -0.1008863100566  -0.08004580680749  0.3877144113513  -0.35225742998113  0.24199280402003  -0.3357943671304  -0.074434510549652  -0.025926337839411  0.060017797234597  -0.24877495935331  0.29785494859184  0.55391475246898  
0.25819888974713  0.056680744117395  0.012445478682588  0.34521043419916  0.13564814510457  -0.031081594691557  0.33341146470665  -0.40702019108249  -0.055392788561474  -0.22744871632124  -0.23909382024726  0.40017051501369  0.3305795447548  0.093345180634252  0.35284647300066  
0.25819888974717  -0.02635979509484  0.3135097621453  -0.31867335573746  -0.039496405565457  0.016148600798768  0.305234383888  -0.20175621123246  0.42428466813698  -0.01870888846044  0.22001779119965  -0.412288908898  -0.12311043309986  -0.082775622389288  0.41992572832778  
0.25819888974713  -0.56628212280239  -0.020776229461744  -0.36340526892993  -0.018992696709968  0.10854107736826  0.29064628242624  0.1406107832251  -0.32051150706833  -0.35902205649848  -0.096147612400024  0.063783352044106  0.038047942079676  -0.25973501516154  -0.2234440446686  
0.25819888974708  -0.10988563402869  0.077732493211333  -0.23965287652219  -0.2476920116736  -0.35306008095651  -0.19313892776224  -0.035887976938639  -0.01855068946846  0.021212076098916  0.37806366113795  0.10771411477947  0.43503769491644  0.52005159494121  -0.13471931293027  
0.25819888974705  -0.18989630704063  0.049157639109009  0.26801064377465  -0.26580841630417  -0.25222418287024  -0.39135071701414  -0.10967334745987  -0.18904398162298  0.19469986488798  -0.22605753539856  -0.36580038079237  0.23292224400338  -0.43230043007523  0.15452424380932  
0.25819888974722  -0.19386359616383  -0.44033695102758  -0.054209771205682  0.046971868441733  0.27706423128916  -0.33181701831298  -0.55483432787796  0.30761319308754  0.029907056101182  0.068590023180588  0.10758734979575  -0.20248344747255  -0.029336214222645  -0.21986405416804  
0.25819888974703  -0.024012907832021  -0.17325046822447  0.25838997920918  0.42254863308445  -0.46956456350093  -0.15438499346489  0.2910984883094  0.14496856643853  -0.40504732225966  0.26749641438653  -0.018931996311562  -0.24263422346644  -0.092801842454385  0.062360289412155  
0.25819888974722  0.33395943263286  0.20161343706594  -0.042013717464134  0.52262144586367  0.17585664545714  -0.033812028650333  -0.21554388794757  -0.41503764864346  0.021829697182655  0.069606435451362  -0.37889258645046  0.097501680835678  0.086847839181297  -0.29923834239094  
0.25819888974709  -0.053784979281089  -0.30056258724384  -0.10152530588727  0.067419598951343  -0.35689980575084  0.30685776277694  0.055180457845206  -0.055046649540325  0.44210161002981  -0.42991099077253  -0.12093067672669  -0.30462746933932  0.32984824933589  -0.033710400998316  
0.25819888974711  -0.10312137894766  0.66144560031092  0.26635407688277  -0.1299639334169  0.060091868025877  -0.12610953317516  0.050624714513517  0.19573817701406  -0.048092229787281  -0.24713882334334  0.17770699339084  -0.33812006445233  0.16153500978161  -0.31870675870563  
0.25819888974719  -0.14701669128432  0.053801261931877  0.02297668109237  0.36575123626111  0.25096018473836  0.0025312066649442  0.38502998682767  0.24727845218888  0.53525670819377  0.10588954800959  0.25744483971326  0.31987955806745  -0.18359299859117  0.046057615943117  
0.2581988897473  0.29139439068944  -0.27948783740791  0.11513411633833  -0.24757742906293  0.27060324984215  0.082988024504086  0.32948349246294  0.3345723998943  -0.2988651883092  -0.2529606784534  -0.31213929430238  0.30705446444823  0.1133602014577  -0.19306508053864  
0.25819888974721  0.13176250918444  -0.12278374276261  0.38428350136674  -0.38753229469155  0.11522054298416  0.36565163630731  0.020637288213938  -0.25062128125993  0.18997185347867  0.52410725594354  0.048501237679452  -0.22213900376581  -0.12688784913797  -0.11937699555289  
