-0.091040  0.055150  -0.035930  0.038490  0.033330  
0.055150  -0.134410  0.051960  0.013630  0.013670  
-0.035930  0.051960  -0.130970  0.054550  0.060390  
0.038490  0.013630  0.054550  -0.060480  -0.046190  
0.033330  0.013670  0.060390  -0.046190  -0.061200  
